[
  [
    1,
    0
  ],
  [
    1,
    0
  ],
  [
    1,
    0
  ],
  [
    0,
    1
  ],
  [
    1,
    0
  ],
  [
    5,
    6
  ],
  [
    6,
    5
  ],
  [
    5,
    6
  ],
  [
    5,
    6
  ],
  [
    5,
    6
  ],
  [
    0,
    1
  ],
  [
    1,
    0
  ],
  [
    0,
    1
  ],
  [
    0,
    1
  ],
  [
    0,
    1
  ],
  [
    1,
    0
  ],
  [
    1,
    0
  ],
  [
    6,
    5
  ],
  [
    5,
    6
  ],
  [
    5,
    6
  ],
  [
    5,
    6
  ],
  [
    5,
    6
  ],
  [
    6,
    5
  ],
  [
    5,
    6
  ],
  [
    6,
    5
  ]
]